tanggal,KASUS,MENINGGAL,SEMBUH,DIRAWAT_OR_ISOLASI,AKUMULASI_KASUS,AKUMULASI_SEMBUH,AKUMULASI_MENINGGAL,AKUMULASI_DIRAWAT_OR_ISOLASI
16-03-2020,1,0,0,1,1,0,0,1
17-03-2020,0,0,0,0,1,0,0,1
18-03-2020,0,0,0,0,1,0,0,1
19-03-2020,0,0,0,0,1,0,0,1
20-03-2020,0,0,1,-1,1,1,0,0
21-03-2020,0,0,0,0,1,1,0,0
22-03-2020,0,0,0,0,1,1,0,0
23-03-2020,0,1,0,-1,1,1,1,-1
24-03-2020,0,0,0,0,1,1,1,-1
25-03-2020,0,1,0,-1,1,1,2,-2
26-03-2020,0,0,0,0,1,1,2,-2
27-03-2020,1,0,0,1,2,1,2,-1
28-03-2020,0,0,0,0,2,1,2,-1
29-03-2020,0,0,0,0,2,1,2,-1
30-03-2020,1,0,1,0,3,2,2,-1
31-03-2020,5,0,0,5,8,2,2,4
01-04-2020,5,0,1,4,13,3,2,8
02-04-2020,0,1,0,-1,13,3,3,7
03-04-2020,0,0,0,0,13,3,3,7
04-04-2020,5,0,0,5,18,3,3,12
05-04-2020,1,0,0,1,19,3,3,13
06-04-2020,3,0,1,2,22,4,3,15
07-04-2020,1,0,0,1,23,4,3,16
08-04-2020,0,3,3,-6,23,7,6,10
09-04-2020,2,0,3,-1,25,10,6,9
10-04-2020,0,0,3,-3,25,13,6,6
11-04-2020,0,0,0,0,25,13,6,6
12-04-2020,0,0,5,-5,25,18,6,1
13-04-2020,16,0,0,16,41,18,6,17
14-04-2020,5,0,4,1,46,22,6,18
15-04-2020,1,0,0,1,47,22,6,19
16-04-2020,1,0,0,1,48,22,6,20
17-04-2020,1,1,3,-3,49,25,7,17
18-04-2020,3,0,2,1,52,27,7,18
19-04-2020,0,0,1,-1,52,28,7,17
20-04-2020,2,0,0,2,54,28,7,19
21-04-2020,3,0,3,0,57,31,7,19
22-04-2020,3,0,5,-2,60,36,7,17
23-04-2020,1,0,1,0,61,37,7,17
24-04-2020,1,0,0,1,62,37,7,18
25-04-2020,2,0,0,2,64,37,7,20
26-04-2020,3,0,0,3,67,37,7,23
27-04-2020,1,0,2,-1,68,39,7,22
28-04-2020,10,0,1,9,78,40,7,31
29-04-2020,1,0,3,-2,79,43,7,29
30-04-2020,1,0,0,1,80,43,7,30
01-05-2020,9,0,5,4,89,48,7,34
02-05-2020,10,0,0,10,99,48,7,44
03-05-2020,1,0,0,1,100,48,7,45
04-05-2020,0,0,4,-4,100,52,7,41
05-05-2020,6,0,1,5,106,53,7,46
06-05-2020,1,0,5,-4,107,58,7,42
07-05-2020,15,0,1,14,122,59,7,56
08-05-2020,6,0,0,6,128,59,7,62
09-05-2020,3,0,2,1,131,61,7,63
10-05-2020,7,0,0,7,138,61,7,70
11-05-2020,6,1,6,-1,144,67,8,69
12-05-2020,10,0,0,10,154,67,8,79
13-05-2020,12,0,1,11,166,68,8,90
14-05-2020,4,0,7,-3,170,75,8,87
15-05-2020,3,0,12,-9,173,87,8,78
16-05-2020,6,0,1,5,179,88,8,83
17-05-2020,5,0,3,2,184,91,8,85
18-05-2020,1,0,3,-2,185,94,8,83
19-05-2020,7,0,12,-5,192,106,8,78
20-05-2020,2,0,8,-6,194,114,8,72
21-05-2020,6,0,7,-1,200,121,8,71
22-05-2020,5,0,2,3,205,123,8,74
23-05-2020,5,0,6,-1,210,129,8,73
24-05-2020,1,0,4,-3,211,133,8,70
25-05-2020,0,0,1,-1,211,134,8,69
26-05-2020,0,0,4,-4,211,138,8,65
27-05-2020,2,0,9,-7,213,147,8,58
28-05-2020,0,0,8,-8,213,155,8,50
29-05-2020,2,0,6,-4,215,161,8,46
30-05-2020,3,0,1,2,218,162,8,48
31-05-2020,3,0,7,-4,221,169,8,44
01-06-2020,1,0,0,1,222,169,8,45
02-06-2020,0,0,1,-1,222,170,8,44
03-06-2020,0,0,1,-1,222,171,8,43
04-06-2020,0,0,3,-3,222,174,8,40
05-06-2020,1,0,6,-5,223,180,8,35
06-06-2020,4,0,5,-1,227,185,8,34
07-06-2020,2,0,2,0,229,187,8,34
08-06-2020,3,0,7,-4,232,194,8,30
09-06-2020,2,0,0,2,234,194,8,32
10-06-2020,1,0,1,0,235,195,8,32
11-06-2020,2,0,5,-3,237,200,8,29
12-06-2020,10,0,5,5,247,205,8,34
13-06-2020,2,0,6,-4,249,211,8,30
14-06-2020,5,0,1,4,254,212,8,34
15-06-2020,3,0,2,1,257,214,8,35
16-06-2020,1,0,4,-3,258,218,8,32
17-06-2020,3,0,2,1,261,220,8,33
18-06-2020,0,0,7,-7,261,227,8,26
19-06-2020,1,0,4,-3,262,231,8,23
20-06-2020,8,0,0,8,270,231,8,31
21-06-2020,3,0,7,-4,273,238,8,27
22-06-2020,0,0,0,0,273,238,8,27
23-06-2020,3,0,5,-2,276,243,8,25
24-06-2020,1,0,13,-12,277,256,8,13
25-06-2020,7,0,3,4,284,259,8,17
26-06-2020,3,0,3,0,287,262,8,17
27-06-2020,2,0,1,1,289,263,8,18
28-06-2020,2,0,1,1,291,264,8,19
29-06-2020,0,0,1,-1,291,265,8,18
30-06-2020,7,0,1,6,298,266,8,24
01-07-2020,1,0,3,-2,299,269,8,22
02-07-2020,6,1,4,1,305,273,9,23
03-07-2020,4,0,3,1,309,276,9,24
04-07-2020,1,0,1,0,310,277,9,24
05-07-2020,6,0,0,6,316,277,9,30
06-07-2020,8,0,5,3,324,282,9,33
07-07-2020,7,0,3,4,331,285,9,37
08-07-2020,3,1,1,1,334,286,10,38
09-07-2020,7,0,4,3,341,290,10,41
10-07-2020,7,0,3,4,348,293,10,45
11-07-2020,7,0,1,6,355,294,10,51
12-07-2020,1,0,3,-2,356,297,10,49
13-07-2020,8,0,8,0,364,305,10,49
14-07-2020,8,1,5,2,372,310,11,51
15-07-2020,9,0,3,6,381,313,11,57
16-07-2020,8,0,0,8,389,313,11,65
17-07-2020,4,0,2,2,393,315,11,67
18-07-2020,8,0,8,0,401,323,11,67
19-07-2020,15,1,0,14,416,323,12,81
20-07-2020,6,1,3,2,422,326,13,83
21-07-2020,28,1,3,24,450,329,14,107
22-07-2020,21,2,1,18,471,330,16,125
23-07-2020,10,0,4,6,481,334,16,131
24-07-2020,23,1,6,16,504,340,17,147
25-07-2020,17,1,6,10,521,346,18,157
26-07-2020,7,1,0,6,528,346,19,163
27-07-2020,15,0,4,11,543,350,19,174
28-07-2020,14,1,5,8,557,355,20,182
29-07-2020,15,0,12,3,572,367,20,185
30-07-2020,23,0,14,9,595,381,20,194
31-07-2020,64,0,17,47,659,398,20,241
01-08-2020,67,1,11,55,726,409,21,296
02-08-2020,19,0,10,9,745,419,21,305
03-08-2020,12,0,13,-1,757,432,21,304
04-08-2020,12,0,14,-2,769,446,21,302
05-08-2020,17,0,29,-12,786,475,21,290
06-08-2020,18,0,20,-2,804,495,21,288
07-08-2020,19,0,29,-10,823,524,21,278
08-08-2020,16,2,27,-13,839,551,23,265
09-08-2020,8,1,18,-11,847,569,24,254
10-08-2020,14,1,23,-10,861,592,25,244
11-08-2020,4,0,16,-12,865,608,25,232
12-08-2020,20,1,25,-6,885,633,26,226
13-08-2020,11,0,13,-2,896,646,26,224
14-08-2020,35,2,12,21,931,658,28,245
15-08-2020,46,0,4,42,977,662,28,287
16-08-2020,33,0,13,20,1010,675,28,307
17-08-2020,16,0,7,9,1026,682,28,316
18-08-2020,18,1,13,4,1044,695,29,320
19-08-2020,31,0,18,13,1075,713,29,333
20-08-2020,48,2,52,-6,1123,765,31,327
21-08-2020,25,1,28,-4,1148,793,32,323
22-08-2020,15,1,15,-1,1163,808,33,322
23-08-2020,15,0,18,-3,1178,826,33,319
24-08-2020,14,1,20,-7,1192,846,34,312
25-08-2020,41,0,11,30,1233,857,34,342
26-08-2020,16,2,35,-21,1249,892,36,321
27-08-2020,42,0,31,11,1291,923,36,332
28-08-2020,20,0,24,-4,1311,947,36,328
29-08-2020,47,1,21,25,1358,968,37,353
30-08-2020,24,0,8,16,1382,976,37,369
31-08-2020,28,2,50,-24,1410,1026,39,345
01-09-2020,20,0,10,10,1430,1036,39,355
02-09-2020,29,2,25,2,1459,1061,41,357
03-09-2020,33,2,14,17,1492,1075,43,374
04-09-2020,18,1,21,-4,1510,1096,44,370
05-09-2020,21,1,20,0,1531,1116,45,370
06-09-2020,11,1,41,-31,1542,1157,46,339
07-09-2020,14,0,32,-18,1556,1189,46,321
08-09-2020,24,1,27,-4,1580,1216,47,317
09-09-2020,50,1,52,-3,1630,1268,48,314
10-09-2020,50,1,30,19,1680,1298,49,333
11-09-2020,49,1,15,33,1729,1313,50,366
12-09-2020,43,0,12,31,1772,1325,50,397
13-09-2020,49,2,7,40,1821,1332,52,437
14-09-2020,33,1,23,9,1854,1355,53,446
15-09-2020,26,0,15,11,1880,1370,53,457
16-09-2020,48,0,50,-2,1928,1420,53,455
17-09-2020,41,0,20,21,1969,1440,53,476
18-09-2020,53,0,31,22,2022,1471,53,498
19-09-2020,74,1,20,53,2096,1491,54,551
20-09-2020,70,4,15,51,2166,1506,58,602
21-09-2020,64,2,37,25,2230,1543,60,627
22-09-2020,67,0,35,32,2297,1578,60,659
23-09-2020,63,1,56,6,2360,1634,61,665
24-09-2020,22,3,18,1,2382,1652,64,666
25-09-2020,61,0,25,36,2443,1677,64,702
26-09-2020,41,0,40,1,2484,1717,64,703
27-09-2020,20,1,26,-7,2504,1743,65,696
28-09-2020,39,0,53,-14,2543,1796,65,682
29-09-2020,49,2,59,-12,2592,1855,67,670
30-09-2020,36,0,29,7,2628,1884,67,677
01-10-2020,37,2,49,-14,2665,1933,69,663
02-10-2020,20,4,23,-7,2685,1956,73,656
03-10-2020,72,1,19,52,2757,1975,74,708
04-10-2020,19,1,70,-52,2776,2045,75,656
05-10-2020,22,0,76,-54,2798,2121,75,602
06-10-2020,20,0,40,-20,2818,2161,75,582
07-10-2020,20,0,20,0,2838,2181,75,582
08-10-2020,51,1,9,41,2889,2190,76,623
09-10-2020,56,2,31,23,2945,2221,78,646
10-10-2020,69,0,13,56,3014,2234,78,702
11-10-2020,35,1,37,-3,3049,2271,79,699
12-10-2020,43,1,83,-41,3092,2354,80,658
13-10-2020,38,1,39,-2,3130,2393,81,656
14-10-2020,26,2,20,4,3156,2413,83,660
15-10-2020,45,2,55,-12,3201,2468,85,648
16-10-2020,45,0,32,13,3246,2500,85,661
17-10-2020,24,0,48,-24,3270,2548,85,637
18-10-2020,40,1,64,-25,3310,2612,86,612
19-10-2020,18,0,75,-57,3328,2687,86,555
20-10-2020,13,0,51,-38,3341,2738,86,517
21-10-2020,33,2,20,11,3374,2758,88,528
22-10-2020,45,0,19,26,3419,2777,88,554
23-10-2020,28,0,25,3,3447,2802,88,557
24-10-2020,44,0,36,8,3491,2838,88,565
25-10-2020,44,0,68,-24,3535,2906,88,541
26-10-2020,26,0,29,-3,3561,2935,88,538
27-10-2020,41,1,32,8,3602,2967,89,546
28-10-2020,45,1,41,3,3647,3008,90,549
29-10-2020,82,1,51,30,3729,3059,91,579
30-10-2020,59,1,60,-2,3788,3119,92,577
31-10-2020,32,1,23,8,3820,3142,93,585
01-11-2020,16,0,13,3,3836,3155,93,588
02-11-2020,32,1,49,-18,3868,3204,94,570
03-11-2020,49,1,22,26,3917,3226,95,596
04-11-2020,40,2,47,-9,3957,3273,97,587
05-11-2020,168,2,30,136,4125,3303,99,723
06-11-2020,25,1,31,-7,4150,3334,100,716
07-11-2020,38,2,48,-12,4188,3382,102,704
08-11-2020,34,1,32,1,4222,3414,103,705
09-11-2020,32,2,62,-32,4254,3476,105,673
10-11-2020,21,1,19,1,4275,3495,106,674
11-11-2020,30,1,44,-15,4305,3539,107,659
12-11-2020,79,3,24,52,4384,3563,110,711
13-11-2020,61,2,29,30,4445,3592,112,741
14-11-2020,51,1,23,27,4496,3615,113,768
15-11-2020,7,1,7,-1,4503,3622,114,767
16-11-2020,67,0,15,52,4570,3637,114,819
17-11-2020,90,1,30,59,4660,3667,115,878
18-11-2020,153,2,41,110,4813,3708,117,988
19-11-2020,108,0,50,58,4921,3758,117,1046
20-11-2020,68,2,59,7,4989,3817,119,1053
21-11-2020,56,2,27,27,5045,3844,121,1080
22-11-2020,77,4,9,64,5122,3853,125,1144
23-11-2020,82,2,100,-20,5204,3953,127,1124
24-11-2020,84,6,40,38,5288,3993,133,1162
25-11-2020,150,3,143,4,5438,4136,136,1166
26-11-2020,103,1,61,41,5541,4197,137,1207
27-11-2020,89,3,30,56,5630,4227,140,1263
28-11-2020,138,4,53,81,5768,4280,144,1344
29-11-2020,139,1,51,87,5907,4331,145,1431
30-11-2020,41,0,66,-25,5948,4397,145,1406
01-12-2020,110,1,68,41,6058,4465,146,1447
02-12-2020,122,1,30,91,6180,4495,147,1538
03-12-2020,189,1,77,111,6369,4572,148,1649
04-12-2020,181,0,76,105,6550,4648,148,1754
05-12-2020,167,2,84,81,6717,4732,150,1835
06-12-2020,224,2,83,139,6941,4815,152,1974
07-12-2020,99,0,59,40,7040,4874,152,2014
08-12-2020,168,1,69,98,7208,4943,153,2112
09-12-2020,198,2,218,-22,7406,5161,155,2090
10-12-2020,191,7,104,80,7597,5265,162,2170
11-12-2020,157,3,116,38,7754,5381,165,2208
12-12-2020,227,1,99,127,7981,5480,166,2335
13-12-2020,151,2,130,19,8132,5610,168,2354
14-12-2020,111,1,57,53,8243,5667,169,2407
15-12-2020,160,3,107,50,8403,5774,172,2457
16-12-2020,218,3,71,144,8621,5845,175,2601
17-12-2020,224,2,60,162,8845,5905,177,2763
18-12-2020,211,2,199,10,9056,6104,179,2773
19-12-2020,216,3,74,139,9272,6178,182,2912
20-12-2020,210,8,203,-1,9482,6381,190,2911
21-12-2020,186,7,175,4,9668,6556,197,2915
22-12-2020,242,8,45,189,9910,6601,205,3104
23-12-2020,219,1,146,72,10129,6747,206,3176
24-12-2020,253,7,164,82,10382,6911,213,3258
25-12-2020,256,12,155,89,10638,7066,225,3347
26-12-2020,274,6,100,168,10912,7166,231,3515
27-12-2020,183,3,149,31,11095,7315,234,3546
28-12-2020,210,4,107,99,11305,7422,238,3645
29-12-2020,282,10,295,-23,11587,7717,248,3622
30-12-2020,296,11,339,-54,11883,8056,259,3568
31-12-2020,257,0,119,138,12140,8175,259,3706
01-01-2021,233,13,113,107,12373,8288,272,3813
02-01-2021,291,2,217,72,12664,8505,274,3885
03-01-2021,218,13,221,-16,12882,8726,287,3869
04-01-2021,146,3,133,10,13028,8859,290,3879
05-01-2021,297,3,45,249,13325,8904,293,4128
06-01-2021,272,4,290,-22,13597,9194,297,4106
07-01-2021,355,4,180,171,13952,9374,301,4277
08-01-2021,379,7,147,225,14331,9521,308,4502
09-01-2021,301,7,136,158,14632,9657,315,4660
10-01-2021,282,9,234,39,14914,9891,324,4699
11-01-2021,285,9,200,76,15199,10091,333,4775
12-01-2021,268,3,150,115,15467,10241,336,4890
13-01-2021,319,5,178,136,15786,10419,341,5026
14-01-2021,291,8,128,155,16077,10547,349,5181
15-01-2021,262,18,248,-4,16339,10795,367,5177
16-01-2021,302,12,298,-8,16641,11093,379,5169
17-01-2021,277,9,173,95,16918,11266,388,5264
18-01-2021,295,6,287,2,17213,11553,394,5266
19-01-2021,287,1,107,179,17500,11660,395,5445
20-01-2021,287,13,188,86,17787,11848,408,5531
21-01-2021,456,9,207,240,18243,12055,417,5771
22-01-2021,478,5,374,99,18721,12429,422,5870
23-01-2021,473,8,117,348,19194,12546,430,6218
24-01-2021,210,9,186,15,19404,12732,439,6233
25-01-2021,310,15,408,-113,19714,13140,454,6120
26-01-2021,325,6,311,8,20039,13451,460,6128
27-01-2021,427,15,383,29,20466,13834,475,6157
28-01-2021,359,9,383,-33,20825,14217,484,6124
29-01-2021,414,3,210,201,21239,14427,487,6325
30-01-2021,317,7,262,48,21556,14689,494,6373
31-01-2021,254,14,409,-169,21810,15098,508,6204
01-02-2021,222,7,260,-45,22032,15358,515,6159
02-02-2021,226,6,271,-51,22258,15629,521,6108
03-02-2021,312,4,312,-4,22570,15941,525,6104
04-02-2021,321,6,229,86,22891,16170,531,6190
05-02-2021,280,2,164,114,23171,16334,533,6304
06-02-2021,217,4,266,-53,23388,16600,537,6251
07-02-2021,145,3,215,-73,23533,16815,540,6178
08-02-2021,206,13,255,-62,23739,17070,553,6116
09-02-2021,228,4,328,-104,23967,17398,557,6012
10-02-2021,291,7,257,27,24258,17655,564,6039
11-02-2021,261,3,259,-1,24519,17914,567,6038
12-02-2021,278,11,175,92,24797,18089,578,6130
13-02-2021,113,9,370,-266,24910,18459,587,5864
14-02-2021,108,9,247,-148,25018,18706,596,5716
15-02-2021,135,5,139,-9,25153,18845,601,5707
16-02-2021,165,5,262,-102,25318,19107,606,5605
17-02-2021,229,3,227,-1,25547,19334,609,5604
18-02-2021,255,11,118,126,25802,19452,620,5730
19-02-2021,263,4,259,0,26065,19711,624,5730
20-02-2021,201,5,128,68,26266,19839,629,5798
21-02-2021,175,8,257,-90,26441,20096,637,5708
22-02-2021,138,7,227,-96,26579,20323,644,5612
23-02-2021,228,10,242,-24,26807,20565,654,5588
24-02-2021,201,6,253,-58,27008,20818,660,5530
25-02-2021,228,3,256,-31,27236,21074,663,5499
26-02-2021,174,4,223,-53,27410,21297,667,5446
27-02-2021,228,7,218,3,27638,21515,674,5449
28-02-2021,170,4,259,-93,27808,21774,678,5356
01-03-2021,144,4,274,-134,27952,22048,682,5222
02-03-2021,150,4,266,-120,28102,22314,686,5102
03-03-2021,229,7,160,62,28331,22474,693,5164
04-03-2021,228,5,280,-57,28559,22754,698,5107
05-03-2021,175,0,95,80,28734,22849,698,5187
06-03-2021,89,5,249,-165,28823,23098,703,5022
07-03-2021,149,4,105,40,28972,23203,707,5062
08-03-2021,167,6,161,0,29139,23364,713,5062
09-03-2021,176,2,190,-16,29315,23554,715,5046
10-03-2021,178,6,141,31,29493,23695,721,5077
11-03-2021,128,1,295,-168,29621,23990,722,4909
12-03-2021,203,0,170,33,29824,24160,722,4942
13-03-2021,188,3,259,-74,30012,24419,725,4868
14-03-2021,90,4,266,-180,30102,24685,729,4688
15-03-2021,140,3,151,-14,30242,24836,732,4674
16-03-2021,170,6,211,-47,30412,25047,738,4627
17-03-2021,270,1,74,195,30682,25121,739,4822
18-03-2021,257,6,125,126,30939,25246,745,4948
19-03-2021,161,3,200,-42,31100,25446,748,4906
20-03-2021,242,5,100,137,31342,25546,753,5043
21-03-2021,95,4,60,31,31437,25606,757,5074
22-03-2021,143,4,174,-35,31580,25780,761,5039
23-03-2021,205,3,220,-18,31785,26000,764,5021
24-03-2021,254,4,150,100,32039,26150,768,5121
25-03-2021,258,1,193,64,32297,26343,769,5185
26-03-2021,232,8,140,84,32529,26483,777,5269
27-03-2021,140,11,200,-71,32669,26683,788,5198
28-03-2021,127,6,179,-58,32796,26862,794,5140
29-03-2021,106,6,172,-72,32902,27034,800,5068
30-03-2021,283,5,238,40,33185,27272,805,5108
31-03-2021,272,4,231,37,33457,27503,809,5145
01-04-2021,176,5,280,-109,33633,27783,814,5036
02-04-2021,254,3,165,86,33887,27948,817,5122
03-04-2021,118,7,231,-120,34005,28179,824,5002
04-04-2021,123,2,183,-62,34128,28362,826,4940
05-04-2021,135,1,227,-93,34263,28589,827,4847
06-04-2021,233,7,207,19,34496,28796,834,4866
07-04-2021,272,1,200,71,34768,28996,835,4937
08-04-2021,220,5,210,5,34988,29206,840,4942
09-04-2021,222,6,151,65,35210,29357,846,5007
10-04-2021,230,7,177,46,35440,29534,853,5053
11-04-2021,130,6,203,-79,35570,29737,859,4974
12-04-2021,131,3,265,-137,35701,30002,862,4837
13-04-2021,232,7,231,-6,35933,30233,869,4831
14-04-2021,292,5,290,-3,36225,30523,874,4828
15-04-2021,221,5,267,-51,36446,30790,879,4777
16-04-2021,218,6,201,11,36664,30991,885,4788
17-04-2021,158,9,281,-132,36822,31272,894,4656
18-04-2021,143,6,225,-88,36965,31497,900,4568
19-04-2021,170,6,168,-4,37135,31665,906,4564
20-04-2021,210,4,243,-37,37345,31908,910,4527
21-04-2021,229,9,242,-22,37574,32150,919,4505
22-04-2021,257,8,274,-25,37831,32424,927,4480
23-04-2021,137,5,260,-128,37968,32684,932,4352
24-04-2021,149,4,262,-117,38117,32946,936,4235
25-04-2021,223,5,251,-33,38340,33197,941,4202
26-04-2021,184,2,225,-43,38524,33422,943,4159
27-04-2021,164,5,212,-53,38688,33634,948,4106
28-04-2021,292,5,200,87,38980,33834,953,4193
29-04-2021,259,2,313,-56,39239,34147,955,4137
30-04-2021,262,1,257,4,39501,34404,956,4141
01-05-2021,128,4,330,-206,39629,34734,960,3935
02-05-2021,180,5,308,-133,39809,35042,965,3802
03-05-2021,157,5,332,-180,39966,35374,970,3622
04-05-2021,159,11,254,-106,40125,35628,981,3516
05-05-2021,232,6,261,-35,40357,35889,987,3481
06-05-2021,229,5,319,-95,40586,36208,992,3386
07-05-2021,184,11,271,-98,40770,36479,1003,3288
08-05-2021,137,10,261,-134,40907,36740,1013,3154
09-05-2021,140,10,202,-72,41047,36942,1023,3082
10-05-2021,142,5,215,-78,41189,37157,1028,3004
11-05-2021,154,5,307,-158,41343,37464,1033,2846
12-05-2021,217,8,232,-23,41560,37696,1041,2823
13-05-2021,105,4,240,-139,41665,37936,1045,2684
14-05-2021,97,13,165,-81,41762,38101,1058,2603
15-05-2021,94,5,266,-177,41856,38367,1063,2426
16-05-2021,135,5,158,-28,41991,38525,1068,2398
17-05-2021,136,8,170,-42,42127,38695,1076,2356
18-05-2021,155,3,212,-60,42282,38907,1079,2296
19-05-2021,227,10,190,27,42509,39097,1089,2323
20-05-2021,269,10,225,34,42778,39322,1099,2357
21-05-2021,198,10,263,-75,42976,39585,1109,2282
22-05-2021,138,6,212,-80,43114,39797,1115,2202
23-05-2021,152,6,185,-39,43266,39982,1121,2163
24-05-2021,149,7,200,-58,43415,40182,1128,2105
25-05-2021,215,10,191,14,43630,40373,1138,2119
26-05-2021,190,6,191,-7,43820,40564,1144,2112
27-05-2021,186,7,204,-25,44006,40768,1151,2087
28-05-2021,180,4,195,-19,44186,40963,1155,2068
29-05-2021,211,9,169,33,44397,41132,1164,2101
30-05-2021,176,12,167,-3,44573,41299,1176,2098
31-05-2021,158,7,141,10,44731,41440,1183,2108
01-06-2021,219,9,178,32,44950,41618,1192,2140
02-06-2021,268,4,129,135,45218,41747,1196,2275
03-06-2021,206,7,145,54,45424,41892,1203,2329
04-06-2021,299,5,161,133,45723,42053,1208,2462
05-06-2021,150,6,107,37,45873,42160,1214,2499
06-06-2021,295,5,211,79,46168,42371,1219,2578
07-06-2021,253,5,207,41,46421,42578,1224,2619
08-06-2021,237,8,200,29,46658,42778,1232,2648
09-06-2021,304,7,210,87,46962,42988,1239,2735
10-06-2021,455,9,233,213,47417,43221,1248,2948
11-06-2021,417,9,217,191,47834,43438,1257,3139
12-06-2021,436,10,210,216,48270,43648,1267,3355
13-06-2021,466,8,226,232,48736,43874,1275,3587
14-06-2021,428,5,208,215,49164,44082,1280,3802
15-06-2021,438,17,211,210,49602,44293,1297,4012
16-06-2021,534,15,278,241,50136,44571,1312,4253
17-06-2021,595,18,270,307,50731,44841,1330,4560
18-06-2021,592,12,237,343,51323,45078,1342,4903
19-06-2021,638,10,275,353,51961,45353,1352,5256
20-06-2021,665,15,280,370,52626,45633,1367,5626
21-06-2021,662,12,218,432,53288,45851,1379,6058
22-06-2021,675,15,260,400,53963,46111,1394,6458
23-06-2021,694,17,273,404,54657,46384,1411,6862
24-06-2021,791,11,258,522,55448,46642,1422,7384
25-06-2021,783,16,277,490,56231,46919,1438,7874
26-06-2021,782,22,233,527,57013,47152,1460,8401
27-06-2021,831,19,308,504,57844,47460,1479,8905
28-06-2021,859,32,330,497,58703,47790,1511,9402
29-06-2021,850,18,390,442,59553,48180,1529,9844
30-06-2021,892,30,351,511,60445,48531,1559,10355
01-07-2021,895,37,365,493,61340,48896,1596,10848
02-07-2021,922,24,352,546,62262,49248,1620,11394
03-07-2021,1358,36,424,898,63620,49672,1656,12292
04-07-2021,1615,38,524,1053,65235,50196,1694,13345
05-07-2021,1465,32,623,810,66700,50819,1726,14155
06-07-2021,1386,52,779,555,68086,51598,1778,14710
07-07-2021,1370,32,800,538,69456,52398,1810,15248
08-07-2021,1424,38,918,468,70880,53316,1848,15716
09-07-2021,1665,44,902,719,72545,54218,1892,16435
10-07-2021,1809,37,718,1054,74354,54936,1929,17489
11-07-2021,1895,50,710,1135,76249,55646,1979,18624
12-07-2021,1731,47,782,902,77980,56428,2026,19526
13-07-2021,2731,39,842,1850,80711,57270,2065,21376
14-07-2021,2350,66,1044,1240,83061,58314,2131,22616
15-07-2021,2706,54,1026,1626,85767,59340,2185,24242
16-07-2021,1661,65,1235,361,87428,60575,2250,24603
17-07-2021,2522,85,1069,1368,89950,61644,2335,25971
18-07-2021,2119,48,779,1292,92069,62423,2383,27263
19-07-2021,1992,53,1333,606,94061,63756,2436,27869
20-07-2021,1872,69,1152,651,95933,64908,2505,28520
21-07-2021,1648,87,1038,523,97581,65946,2592,29043
22-07-2021,1978,88,1033,857,99559,66979,2680,29900
23-07-2021,1431,97,976,358,100990,67955,2777,30258
24-07-2021,1628,87,1093,448,102618,69048,2864,30706
25-07-2021,2145,59,1115,971,104763,70163,2923,31677
26-07-2021,2667,77,1017,1573,107430,71180,3000,33250
27-07-2021,2732,104,1125,1503,110162,72305,3104,34753
28-07-2021,2282,67,1242,973,112444,73547,3171,35726
29-07-2021,1920,58,1110,752,114364,74657,3229,36478
30-07-2021,1932,93,1811,28,116296,76468,3322,36506
31-07-2021,1522,76,1297,149,117818,77765,3398,36655
01-08-2021,1303,58,889,356,119121,78654,3456,37011
02-08-2021,1566,46,1508,12,120687,80162,3502,37023
03-08-2021,1445,85,1006,354,122132,81168,3587,37377
04-08-2021,1862,44,1125,693,123994,82293,3631,38070
05-08-2021,1461,59,1137,265,125455,83430,3690,38335
06-08-2021,1639,72,2090,-523,127094,85520,3762,37812
07-08-2021,1378,83,2116,-821,128472,87636,3845,36991
08-08-2021,1194,51,2092,-949,129666,89728,3896,36042
09-08-2021,733,59,3214,-2540,130399,92942,3955,33502
10-08-2021,1487,62,2647,-1222,131886,95589,4017,32280
11-08-2021,1510,52,3378,-1920,133396,98967,4069,30360
12-08-2021,1083,30,2770,-1717,134479,101737,4099,28643
13-08-2021,1243,65,2940,-1762,135722,104677,4164,26881
14-08-2021,1788,42,1461,285,137510,106138,4206,27166
15-08-2021,933,81,1318,-466,138443,107456,4287,26700
16-08-2021,702,36,1181,-515,139145,108637,4323,26185
17-08-2021,1106,44,2817,-1755,140251,111454,4367,24430
18-08-2021,634,33,2312,-1711,140885,113766,4400,22719
19-08-2021,1175,57,2121,-1003,142060,115887,4457,21716
20-08-2021,820,47,2347,-1574,142880,118234,4504,20142
21-08-2021,930,29,2546,-1645,143810,120780,4533,18497
22-08-2021,783,39,1125,-381,144593,121905,4572,18116
23-08-2021,507,39,1554,-1086,145100,123459,4611,17030
24-08-2021,748,39,1723,-1014,145848,125182,4650,16016
25-08-2021,873,39,1207,-373,146721,126389,4689,15643
26-08-2021,795,15,1383,-603,147516,127772,4704,15040
27-08-2021,688,21,1114,-447,148204,128886,4725,14593
28-08-2021,525,31,1054,-560,148729,129940,4756,14033
29-08-2021,398,22,737,-361,149127,130677,4778,13672
30-08-2021,237,35,973,-771,149364,131650,4813,12901
