tanggal,KASUS,MENINGGAL,SEMBUH,DIRAWAT_OR_ISOLASI,AKUMULASI_KASUS,AKUMULASI_SEMBUH,AKUMULASI_MENINGGAL,AKUMULASI_DIRAWAT_OR_ISOLASI
1584921600000,1,2,0,-1,1,0,2,-1
1585008000000,0,0,0,0,1,0,2,-1
1585094400000,0,0,0,0,1,0,2,-1
1585180800000,0,0,0,0,1,0,2,-1
1585267200000,0,0,0,0,1,0,2,-1
1585353600000,1,0,0,1,2,0,2,0
1585440000000,0,0,0,0,2,0,2,0
1585526400000,0,0,0,0,2,0,2,0
1585612800000,3,0,0,3,5,0,2,3
1585699200000,0,0,0,0,5,0,2,3
1585785600000,6,0,0,6,11,0,2,9
1585872000000,1,0,0,1,12,0,2,10
1585958400000,0,0,1,-1,12,1,2,9
1586044800000,4,0,0,4,16,1,2,13
1586131200000,0,0,0,0,16,1,2,13
1586217600000,0,0,0,0,16,1,2,13
1586304000000,0,0,0,0,16,1,2,13
1586390400000,1,0,0,1,17,1,2,14
1586476800000,1,0,0,1,18,1,2,15
1586563200000,0,0,0,0,18,1,2,15
1586649600000,0,0,2,-2,18,3,2,13
1586736000000,0,0,0,0,18,3,2,13
1586822400000,1,0,0,1,19,3,2,14
1586908800000,3,0,0,3,22,3,2,17
1586995200000,18,0,0,18,40,3,2,35
1587081600000,14,0,0,14,54,3,2,49
1587168000000,30,1,0,29,84,3,3,78
1587254400000,5,0,0,5,89,3,3,83
1587340800000,0,0,0,0,89,3,3,83
1587427200000,0,0,0,0,89,3,3,83
1587513600000,0,0,0,0,89,3,3,83
1587600000000,4,0,1,3,93,4,3,86
1587686400000,13,0,2,11,106,6,3,97
1587772800000,13,0,10,3,119,16,3,100
1587859200000,10,0,0,10,129,16,3,110
1587945600000,0,0,4,-4,129,20,3,106
1588032000000,14,0,3,11,143,23,3,117
1588118400000,1,0,0,1,144,23,3,118
1588204800000,6,0,0,6,150,23,3,124
1588291200000,6,0,5,1,156,28,3,125
1588377600000,0,2,0,-2,156,28,5,123
1588464000000,28,0,7,21,184,35,5,144
1588550400000,0,1,7,-8,184,42,6,136
1588636800000,15,0,4,11,199,46,6,147
1588723200000,11,1,0,10,210,46,7,157
1588809600000,17,2,2,13,227,48,9,170
1588896000000,0,1,0,-1,227,48,10,169
1588982400000,51,0,6,45,278,54,10,214
1589068800000,0,3,9,-12,278,63,13,202
1589155200000,0,0,0,0,278,63,13,202
1589241600000,1,1,9,-9,279,72,14,193
1589328000000,43,2,0,41,322,72,16,234
1589414400000,117,1,0,116,439,72,17,350
1589500800000,16,1,0,15,455,72,18,365
1589587200000,0,0,0,0,455,72,18,365
1589673600000,66,3,0,63,521,72,21,428
1589760000000,16,2,4,10,537,76,23,438
1589846400000,57,0,0,57,594,76,23,495
1589932800000,50,2,1,47,644,77,25,542
1590019200000,28,1,17,10,672,94,26,552
1590105600000,19,1,5,13,691,99,27,565
1590192000000,32,3,2,27,723,101,30,592
1590278400000,11,0,10,1,734,111,30,593
1590364800000,72,0,2,70,806,113,30,663
1590451200000,58,0,0,58,864,113,30,721
1590537600000,48,1,8,39,912,121,31,760
1590624000000,27,0,14,13,939,135,31,773
1590710400000,12,1,0,11,951,135,32,784
1590796800000,11,4,66,-59,962,201,36,725
1590883200000,19,0,11,8,981,212,36,733
1590969600000,12,0,9,3,993,221,36,736
1591056000000,26,0,2,24,1019,223,36,760
1591142400000,10,0,22,-12,1029,245,36,748
1591228800000,27,3,17,7,1056,262,39,755
1591315200000,17,3,19,-5,1073,281,42,750
1591401600000,28,1,14,13,1101,295,43,763
1591488000000,25,0,48,-23,1126,343,43,740
1591574400000,27,0,47,-20,1153,390,43,720
1591660800000,30,1,11,18,1183,401,44,738
1591747200000,40,3,48,-11,1223,449,47,727
1591833600000,39,0,63,-24,1262,512,47,703
1591920000000,34,5,31,-2,1296,543,52,701
1592006400000,23,2,14,7,1319,557,54,708
1592092800000,69,0,61,8,1388,618,54,716
1592179200000,49,2,31,16,1437,649,56,732
1592265600000,50,4,21,25,1487,670,60,757
1592352000000,53,3,11,39,1540,681,63,796
1592438400000,56,2,26,28,1596,707,65,824
1592524800000,74,1,31,42,1670,738,66,866
1592611200000,50,3,9,38,1720,747,69,904
1592697600000,57,4,4,49,1777,751,73,953
1592784000000,59,0,17,42,1836,768,73,995
1592870400000,17,2,47,-32,1853,815,75,963
1592956800000,13,3,14,-4,1866,829,78,959
1593043200000,26,2,76,-52,1892,905,80,907
1593129600000,14,1,15,-2,1906,920,81,905
1593216000000,42,0,16,26,1948,936,81,931
1593302400000,51,1,17,33,1999,953,82,964
1593388800000,23,8,66,-51,2022,1019,90,913
1593475200000,27,3,5,19,2049,1024,93,932
1593561600000,29,8,17,4,2078,1041,101,936
1593648000000,42,3,43,-4,2120,1084,104,932
1593734400000,36,0,24,12,2156,1108,104,944
1593820800000,49,1,11,37,2205,1119,105,981
1593907200000,50,1,40,9,2255,1159,106,990
1593993600000,71,6,22,43,2326,1181,112,1033
1594080000000,30,1,28,1,2356,1209,113,1034
1594166400000,63,0,10,53,2419,1219,113,1087
1594252800000,56,6,4,46,2475,1223,119,1133
1594339200000,93,2,15,76,2568,1238,121,1209
1594425600000,36,3,4,29,2604,1242,124,1238
1594512000000,49,1,34,14,2653,1276,125,1252
1594598400000,50,4,30,16,2703,1306,129,1268
1594684800000,51,4,19,28,2754,1325,133,1296
1594771200000,30,0,14,16,2784,1339,133,1312
1594857600000,45,3,21,21,2829,1360,136,1333
1594944000000,70,2,27,41,2899,1387,138,1374
1595030400000,67,1,4,62,2966,1391,139,1436
1595116800000,46,1,17,28,3012,1408,140,1464
1595203200000,42,2,1,39,3054,1409,142,1503
1595289600000,58,2,9,47,3112,1418,144,1550
1595376000000,37,0,53,-16,3149,1471,144,1534
1595462400000,16,5,54,-43,3165,1525,149,1491
1595548800000,46,0,55,-9,3211,1580,149,1482
1595635200000,17,4,29,-16,3228,1609,153,1466
1595721600000,23,1,35,-13,3251,1644,154,1453
1595808000000,24,1,35,-12,3275,1679,155,1441
1595894400000,21,0,14,7,3296,1693,155,1448
1595980800000,34,7,20,7,3330,1713,162,1455
1596067200000,57,0,42,15,3387,1755,162,1470
1596153600000,30,1,38,-9,3417,1793,163,1461
1596240000000,10,0,32,-22,3427,1825,163,1439
1596326400000,17,2,31,-16,3444,1856,165,1423
1596412800000,11,4,7,0,3455,1863,169,1423
1596499200000,35,0,26,9,3490,1889,169,1432
1596585600000,62,6,25,31,3552,1914,175,1463
1596672000000,50,4,94,-48,3602,2008,179,1415
1596758400000,21,4,89,-72,3623,2097,183,1343
1596844800000,52,2,71,-21,3675,2168,185,1322
1596931200000,19,11,64,-56,3694,2232,196,1266
1597017600000,19,3,79,-63,3713,2311,199,1203
1597104000000,22,2,60,-40,3735,2371,201,1163
1597190400000,43,2,1,40,3778,2372,203,1203
1597276800000,27,0,43,-16,3805,2415,203,1187
1597363200000,39,2,112,-75,3844,2527,205,1112
1597449600000,36,1,36,-1,3880,2563,206,1111
1597536000000,29,0,35,-6,3909,2598,206,1105
1597622400000,1,0,28,-27,3910,2626,206,1078
1597708800000,9,1,15,-7,3919,2641,207,1071
1597795200000,45,6,38,1,3964,2679,213,1072
1597881600000,24,3,13,8,3988,2692,216,1080
1597968000000,49,2,50,-3,4037,2742,218,1077
1598054400000,54,5,19,30,4091,2761,223,1107
1598140800000,34,4,60,-30,4125,2821,227,1077
1598227200000,32,1,85,-54,4157,2906,228,1023
1598313600000,45,3,34,8,4202,2940,231,1031
1598400000000,21,2,17,2,4223,2957,233,1033
1598486400000,25,3,59,-37,4248,3016,236,996
1598572800000,57,3,39,15,4305,3055,239,1011
1598659200000,56,11,61,-16,4361,3116,250,995
1598745600000,40,0,16,24,4401,3132,250,1019
1598832000000,53,2,26,25,4454,3158,252,1044
1598918400000,32,2,65,-35,4486,3223,254,1009
1599004800000,34,6,23,5,4520,3246,260,1014
1599091200000,63,2,37,24,4583,3283,262,1038
1599177600000,35,4,36,-5,4618,3319,266,1033
1599264000000,42,9,13,20,4660,3332,275,1053
1599350400000,15,3,48,-36,4675,3380,278,1017
1599436800000,70,3,30,37,4745,3410,281,1054
1599523200000,41,2,32,7,4786,3442,283,1061
1599609600000,38,5,27,6,4824,3469,288,1067
1599696000000,66,5,19,42,4890,3488,293,1109
1599782400000,55,1,67,-13,4945,3555,294,1096
1599868800000,73,3,48,22,5018,3603,297,1118
1599955200000,33,3,48,-18,5051,3651,300,1100
1600041600000,27,5,101,-79,5078,3752,305,1021
1600128000000,40,4,50,-14,5118,3802,309,1007
1600214400000,57,4,42,11,5175,3844,313,1018
1600300800000,58,3,18,37,5233,3862,316,1055
1600387200000,60,4,28,28,5293,3890,320,1083
1600473600000,38,2,35,1,5331,3925,322,1084
1600560000000,71,1,14,56,5402,3939,323,1140
1600646400000,47,1,57,-11,5449,3996,324,1129
1600732800000,48,1,57,-10,5497,4053,325,1119
1600819200000,110,5,14,91,5607,4067,330,1210
1600905600000,83,1,33,49,5690,4100,331,1259
1600992000000,44,5,39,0,5734,4139,336,1259
1601078400000,60,1,21,38,5794,4160,337,1297
1601164800000,82,3,42,37,5876,4202,340,1334
1601251200000,51,2,51,-2,5927,4253,342,1332
1601337600000,58,0,25,33,5985,4278,342,1365
1601424000000,110,6,86,18,6095,4364,348,1383
1601510400000,40,3,65,-28,6135,4429,351,1355
1601596800000,72,3,86,-17,6207,4515,354,1338
1601683200000,70,0,93,-23,6277,4608,354,1315
1601769600000,46,2,65,-21,6323,4673,356,1294
1601856000000,23,1,75,-53,6346,4748,357,1241
1601942400000,71,5,4,62,6417,4752,362,1303
1602028800000,114,2,44,68,6531,4796,364,1371
1602115200000,83,3,151,-71,6614,4947,367,1300
1602201600000,63,3,66,-6,6677,5013,370,1294
1602288000000,66,1,73,-8,6743,5086,371,1286
1602374400000,33,0,41,-8,6776,5127,371,1278
1602460800000,45,4,53,-12,6821,5180,375,1266
1602547200000,66,3,17,46,6887,5197,378,1312
1602633600000,60,6,57,-3,6947,5254,384,1309
1602720000000,58,3,26,29,7005,5280,387,1338
1602806400000,53,0,65,-12,7058,5345,387,1326
1602892800000,46,0,47,-1,7104,5392,387,1325
1602979200000,39,4,56,-21,7143,5448,391,1304
1603065600000,39,2,7,30,7182,5455,393,1334
1603152000000,47,2,48,-3,7229,5503,395,1331
1603238400000,99,3,32,64,7328,5535,398,1395
1603324800000,34,1,80,-47,7362,5615,399,1348
1603411200000,73,8,62,3,7435,5677,407,1351
1603497600000,65,1,40,24,7500,5717,408,1375
1603584000000,22,0,182,-160,7522,5899,408,1215
1603670400000,16,2,131,-117,7538,6030,410,1098
1603756800000,43,1,60,-18,7581,6090,411,1080
1603843200000,86,0,38,48,7667,6128,411,1128
1603929600000,77,2,138,-63,7744,6266,413,1065
1604016000000,43,0,32,11,7787,6298,413,1076
1604102400000,62,1,36,25,7849,6334,414,1101
1604188800000,54,10,66,-22,7903,6400,424,1079
1604275200000,18,5,9,4,7921,6409,429,1083
1604361600000,31,6,82,-57,7952,6491,435,1026
1604448000000,70,5,47,18,8022,6538,440,1044
1604534400000,68,3,90,-25,8090,6628,443,1019
1604620800000,94,1,44,49,8184,6672,444,1068
1604707200000,83,2,4,77,8267,6676,446,1145
1604793600000,42,3,98,-59,8309,6774,449,1086
1604880000000,26,3,27,-4,8335,6801,452,1082
1604966400000,51,1,38,12,8386,6839,453,1094
1605052800000,76,5,85,-14,8462,6924,458,1080
1605139200000,72,4,52,16,8534,6976,462,1096
1605225600000,68,2,12,54,8602,6988,464,1150
1605312000000,64,2,38,24,8666,7026,466,1174
1605398400000,44,0,34,10,8710,7060,466,1184
1605484800000,45,1,99,-55,8755,7159,467,1129
1605571200000,50,0,31,19,8805,7190,467,1148
1605657600000,50,2,21,27,8855,7211,469,1175
1605744000000,44,13,41,-10,8899,7252,482,1165
1605830400000,71,2,24,45,8970,7276,484,1210
1605916800000,53,1,1,51,9023,7277,485,1261
1606003200000,57,1,23,33,9080,7300,486,1294
1606089600000,33,1,20,12,9113,7320,487,1306
1606176000000,47,4,67,-24,9160,7387,491,1282
1606262400000,59,0,48,11,9219,7435,491,1293
1606348800000,81,3,36,42,9300,7471,494,1335
1606435200000,49,3,46,0,9349,7517,497,1335
1606521600000,38,3,46,-11,9387,7563,500,1324
1606608000000,41,2,47,-8,9428,7610,502,1316
1606694400000,35,5,48,-18,9463,7658,507,1298
1606780800000,67,6,93,-32,9530,7751,513,1266
1606867200000,51,3,26,22,9581,7777,516,1288
1606953600000,77,3,76,-2,9658,7853,519,1286
1607040000000,88,7,119,-38,9746,7972,526,1248
1607126400000,58,4,51,3,9804,8023,530,1251
1607212800000,52,8,54,-10,9856,8077,538,1241
1607299200000,63,3,54,6,9919,8131,541,1247
1607385600000,68,0,78,-10,9987,8209,541,1237
1607472000000,40,1,119,-80,10027,8328,542,1157
1607558400000,58,2,50,6,10085,8378,544,1163
1607644800000,65,4,66,-5,10150,8444,548,1158
1607731200000,76,5,48,23,10226,8492,553,1181
1607817600000,61,3,28,30,10287,8520,556,1211
1607904000000,48,3,14,31,10335,8534,559,1242
1607990400000,73,1,57,15,10408,8591,560,1257
1608076800000,64,5,28,31,10472,8619,565,1288
1608163200000,79,0,15,64,10551,8634,565,1352
1608249600000,123,1,35,87,10674,8669,566,1439
1608336000000,89,3,43,43,10763,8712,569,1482
1608422400000,84,5,33,46,10847,8745,574,1528
1608508800000,66,2,36,28,10913,8781,576,1556
1608595200000,94,2,31,61,11007,8812,578,1617
1608681600000,109,3,136,-30,11116,8948,581,1587
1608768000000,81,3,52,26,11197,9000,584,1613
1608854400000,89,6,31,52,11286,9031,590,1665
1608940800000,81,1,66,14,11367,9097,591,1679
1609027200000,95,3,69,23,11462,9166,594,1702
1609113600000,78,1,9,68,11540,9175,595,1770
1609200000000,84,1,88,-5,11624,9263,596,1765
1609286400000,110,2,48,60,11734,9311,598,1825
1609372800000,92,1,50,41,11826,9361,599,1866
1609459200000,74,5,57,12,11900,9418,604,1878
1609545600000,45,1,97,-53,11945,9515,605,1825
1609632000000,53,0,81,-28,11998,9596,605,1797
1609718400000,54,0,68,-14,12052,9664,605,1783
1609804800000,66,2,56,8,12118,9720,607,1791
1609891200000,99,3,99,-3,12217,9819,610,1788
1609977600000,63,3,85,-25,12280,9904,613,1763
1610064000000,102,0,40,62,12382,9944,613,1825
1610150400000,89,1,78,10,12471,10022,614,1835
1610236800000,51,5,66,-20,12522,10088,619,1815
1610323200000,48,2,57,-11,12570,10145,621,1804
1610409600000,74,1,46,27,12644,10191,622,1831
1610496000000,80,2,76,2,12724,10267,624,1833
1610582400000,98,1,38,59,12822,10305,625,1892
1610668800000,92,4,60,28,12914,10365,629,1920
1610755200000,78,4,83,-9,12992,10448,633,1911
1610841600000,76,5,57,14,13068,10505,638,1925
1610928000000,54,5,60,-11,13122,10565,643,1914
1611014400000,104,3,87,14,13226,10652,646,1928
1611100800000,110,1,127,-18,13336,10779,647,1910
1611187200000,101,6,49,46,13437,10828,653,1956
1611273600000,71,1,27,43,13508,10855,654,1999
1611360000000,91,2,43,46,13599,10898,656,2045
1611446400000,89,1,32,56,13688,10930,657,2101
1611532800000,89,4,27,58,13777,10957,661,2159
1611619200000,134,5,101,28,13911,11058,666,2187
1611705600000,87,6,89,-8,13998,11147,672,2179
1611792000000,82,3,55,24,14080,11202,675,2203
1611878400000,86,0,72,14,14166,11274,675,2217
1611964800000,64,2,104,-42,14230,11378,677,2175
1612051200000,80,3,68,9,14310,11446,680,2184
1612137600000,66,1,78,-13,14376,11524,681,2171
1612224000000,62,3,89,-30,14438,11613,684,2141
1612310400000,60,4,149,-93,14498,11762,688,2048
1612396800000,29,1,54,-26,14527,11816,689,2022
1612483200000,68,2,91,-25,14595,11907,691,1997
1612569600000,58,0,67,-9,14653,11974,691,1988
1612656000000,71,4,82,-15,14724,12056,695,1973
1612742400000,71,2,27,42,14795,12083,697,2015
1612828800000,62,9,135,-82,14857,12218,706,1933
1612915200000,74,1,99,-26,14931,12317,707,1907
1613001600000,40,4,91,-55,14971,12408,711,1852
1613088000000,56,2,58,-4,15027,12466,713,1848
1613174400000,57,2,80,-25,15084,12546,715,1823
1613260800000,66,6,120,-60,15150,12666,721,1763
1613347200000,51,1,102,-52,15201,12768,722,1711
1613433600000,52,0,17,35,15253,12785,722,1746
1613520000000,55,0,18,37,15308,12803,722,1783
1613606400000,44,2,55,-13,15352,12858,724,1770
1613692800000,50,0,41,9,15402,12899,724,1779
1613779200000,88,0,55,33,15490,12954,724,1812
1613865600000,52,4,40,8,15542,12994,728,1820
1613952000000,45,4,125,-84,15587,13119,732,1736
1614038400000,60,4,159,-103,15647,13278,736,1633
1614124800000,57,3,23,31,15704,13301,739,1664
1614211200000,75,2,44,29,15779,13345,741,1693
1614297600000,39,3,64,-28,15818,13409,744,1665
1614384000000,60,1,120,-61,15878,13529,745,1604
1614470400000,36,6,154,-124,15914,13683,751,1480
1614556800000,56,4,111,-59,15970,13794,755,1421
1614643200000,44,0,38,6,16014,13832,755,1427
1614729600000,50,0,73,-23,16064,13905,755,1404
1614816000000,43,3,63,-23,16107,13968,758,1381
1614902400000,63,1,46,16,16170,14014,759,1397
1614988800000,58,0,98,-40,16228,14112,759,1357
1615075200000,65,1,3,61,16293,14115,760,1418
1615161600000,65,1,78,-14,16358,14193,761,1404
1615248000000,32,2,48,-18,16390,14241,763,1386
1615334400000,63,7,86,-30,16453,14327,770,1356
1615420800000,37,3,35,-1,16490,14362,773,1355
1615507200000,33,4,31,-2,16523,14393,777,1353
1615593600000,43,3,41,-1,16566,14434,780,1352
1615680000000,20,1,34,-15,16586,14468,781,1337
1615766400000,57,0,40,17,16643,14508,781,1354
1615852800000,55,4,28,23,16698,14536,785,1377
1615939200000,45,7,57,-19,16743,14593,792,1358
1616025600000,39,2,37,0,16782,14630,794,1358
1616112000000,40,1,36,3,16822,14666,795,1361
1616198400000,52,1,32,19,16874,14698,796,1380
1616284800000,54,2,49,3,16928,14747,798,1383
1616371200000,45,2,260,-217,16973,15007,800,1166
1616457600000,27,2,88,-63,17000,15095,802,1103
1616544000000,51,3,59,-11,17051,15154,805,1092
1616630400000,118,2,131,-15,17169,15285,807,1077
1616716800000,89,17,26,46,17258,15311,824,1123
1616803200000,84,2,16,66,17342,15327,826,1189
1616889600000,101,5,83,13,17443,15410,831,1202
1616976000000,91,1,70,20,17534,15480,832,1222
1617062400000,91,2,65,24,17625,15545,834,1246
1617148800000,102,2,41,59,17727,15586,836,1305
1617235200000,133,5,27,101,17860,15613,841,1406
1617321600000,75,4,33,38,17935,15646,845,1444
1617408000000,39,1,12,26,17974,15658,846,1470
1617494400000,41,0,55,-14,18015,15713,846,1456
1617580800000,54,3,50,1,18069,15763,849,1457
1617667200000,49,4,57,-12,18118,15820,853,1445
1617753600000,70,3,60,7,18188,15880,856,1452
1617840000000,90,6,132,-48,18278,16012,862,1404
1617926400000,79,3,118,-42,18357,16130,865,1362
1618012800000,94,12,99,-17,18451,16229,877,1345
1618099200000,52,0,93,-41,18503,16322,877,1304
1618185600000,63,5,125,-67,18566,16447,882,1237
1618272000000,60,5,121,-66,18626,16568,887,1171
1618358400000,78,5,87,-14,18704,16655,892,1157
1618444800000,63,6,128,-71,18767,16783,898,1086
1618531200000,77,1,68,8,18844,16851,899,1094
1618617600000,126,5,97,24,18970,16948,904,1118
1618704000000,101,2,64,35,19071,17012,906,1153
1618790400000,111,9,95,7,19182,17107,915,1160
1618876800000,93,15,59,19,19275,17166,930,1179
1618963200000,112,3,90,19,19387,17256,933,1198
1619049600000,119,6,80,33,19506,17336,939,1231
1619136000000,101,7,52,42,19607,17388,946,1273
1619222400000,125,3,93,29,19732,17481,949,1302
1619308800000,144,11,116,17,19876,17597,960,1319
1619395200000,99,9,68,22,19975,17665,969,1341
1619481600000,93,10,49,34,20068,17714,979,1375
1619568000000,137,2,97,38,20205,17811,981,1413
1619654400000,117,7,124,-14,20322,17935,988,1399
1619740800000,126,4,77,45,20448,18012,992,1444
1619827200000,147,5,74,68,20595,18086,997,1512
1619913600000,130,8,44,78,20725,18130,1005,1590
1620000000000,113,9,252,-148,20838,18382,1014,1442
1620086400000,111,10,166,-65,20949,18548,1024,1377
1620172800000,129,10,51,68,21078,18599,1034,1445
1620259200000,130,7,127,-4,21208,18726,1041,1441
1620345600000,142,4,112,26,21350,18838,1045,1467
1620432000000,150,13,298,-161,21500,19136,1058,1306
1620518400000,140,5,126,9,21640,19262,1063,1315
1620604800000,131,7,149,-25,21771,19411,1070,1290
1620691200000,100,8,122,-30,21871,19533,1078,1260
1620777600000,126,5,75,46,21997,19608,1083,1306
1620864000000,99,1,37,61,22096,19645,1084,1367
1620950400000,67,6,47,14,22163,19692,1090,1381
1621036800000,74,4,33,37,22237,19725,1094,1418
1621123200000,77,9,224,-156,22314,19949,1103,1262
1621209600000,106,5,220,-119,22420,20169,1108,1143
1621296000000,68,11,188,-131,22488,20357,1119,1012
1621382400000,75,13,115,-53,22563,20472,1132,959
1621468800000,95,15,123,-43,22658,20595,1147,916
1621555200000,120,6,63,51,22778,20658,1153,967
1621641600000,204,5,112,87,22982,20770,1158,1054
1621728000000,194,11,81,102,23176,20851,1169,1156
1621814400000,130,9,93,28,23306,20944,1178,1184
1621900800000,129,10,97,22,23435,21041,1188,1206
1621987200000,159,6,46,107,23594,21087,1194,1313
1622073600000,157,7,103,47,23751,21190,1201,1360
1622160000000,152,1,79,72,23903,21269,1202,1432
1622246400000,165,10,263,-108,24068,21532,1212,1324
1622332800000,122,7,93,22,24190,21625,1219,1346
1622419200000,142,5,95,42,24332,21720,1224,1388
1622505600000,150,4,124,22,24482,21844,1228,1410
1622592000000,129,7,87,35,24611,21931,1235,1445
1622678400000,161,11,106,44,24772,22037,1246,1489
1622764800000,156,11,204,-59,24928,22241,1257,1430
1622851200000,158,3,136,19,25086,22377,1260,1449
1622937600000,127,10,89,28,25213,22466,1270,1477
1623024000000,126,10,186,-70,25339,22652,1280,1407
1623110400000,122,4,146,-28,25461,22798,1284,1379
1623196800000,152,11,125,16,25613,22923,1295,1395
1623283200000,154,9,100,45,25767,23023,1304,1440
1623369600000,128,10,89,29,25895,23112,1314,1469
1623456000000,184,6,104,74,26079,23216,1320,1543
1623542400000,144,11,86,47,26223,23302,1331,1590
1623628800000,88,10,289,-211,26311,23591,1341,1379
1623715200000,152,7,95,50,26463,23686,1348,1429
1623801600000,138,6,163,-31,26601,23849,1354,1398
1623888000000,121,5,88,28,26722,23937,1359,1426
1623974400000,135,4,146,-15,26857,24083,1363,1411
1624060800000,119,3,210,-94,26976,24293,1366,1317
1624147200000,143,6,184,-47,27119,24477,1372,1270
1624233600000,111,6,83,22,27230,24560,1378,1292
1624320000000,151,7,95,49,27381,24655,1385,1341
1624406400000,115,1,68,46,27496,24723,1386,1387
1624492800000,144,7,84,53,27640,24807,1393,1440
1624579200000,202,15,147,40,27842,24954,1408,1480
1624665600000,173,9,109,55,28015,25063,1417,1535
1624752000000,162,5,107,50,28177,25170,1422,1585
1624838400000,199,9,246,-56,28376,25416,1431,1529
1624924800000,164,7,141,16,28540,25557,1438,1545
1625011200000,223,3,63,157,28763,25620,1441,1702
1625097600000,229,17,86,126,28992,25706,1458,1828
1625184000000,243,9,110,124,29235,25816,1467,1952
1625270400000,246,7,136,103,29481,25952,1474,2055
1625356800000,244,14,317,-87,29725,26269,1488,1968
1625443200000,172,8,132,32,29897,26401,1496,2000
1625529600000,255,9,133,113,30152,26534,1505,2113
1625616000000,358,16,139,203,30510,26673,1521,2316
1625702400000,296,16,167,113,30806,26840,1537,2429
1625788800000,341,6,221,114,31147,27061,1543,2543
1625875200000,423,38,234,151,31570,27295,1581,2694
1625961600000,388,12,239,137,31958,27534,1593,2831
1626048000000,472,17,311,144,32430,27845,1610,2975
1626134400000,778,8,170,600,33208,28015,1618,3575
1626220800000,759,10,200,549,33967,28215,1628,4124
1626307200000,963,11,262,690,34930,28477,1639,4814
1626393600000,689,16,258,415,35619,28735,1655,5229
1626480000000,771,22,406,343,36390,29141,1677,5572
1626566400000,556,21,294,241,36946,29435,1698,5813
1626652800000,376,41,290,45,37322,29725,1739,5858
1626739200000,596,5,211,380,37918,29936,1744,6238
1626825600000,450,12,205,233,38368,30141,1756,6471
1626912000000,806,21,191,594,39174,30332,1777,7065
1626998400000,841,27,405,409,40015,30737,1804,7474
1627084800000,815,30,410,375,40830,31147,1834,7849
1627171200000,388,22,483,-117,41218,31630,1856,7732
